mag
0.38
2.38
1.3
1.27
1.94
0.9
1.36
2
2.22
1.28
1.09
0.9
1.91
0.7
0.56
2.53
1.33
2.13
1.49
0.89
1.72
1.93
5.4
5.1
1.65
0.77
0.98
2.03
2.1
0.3
1.17
4.7
1.1
2.9
0.87
1.4
0.36
-0.1
0.98
0.75
0.73
1.7
0.88
0.14
0.48
2.1
0.67
1.6
1.71
2.3
2
0.8
3.2
0.34
1.24
2.03
4.8
4.6
0
0.6
0.56
0.96
1.96
1.73
0.3
1.57
0.98
2.35
0.3
1.12
1.5
4.6
5.2
1.28
5.2
0.46
1.9
0.73
2.6
1.49
0.89
2.02
0.98
0.78
2.4
0.8
2.91
1
0.73
1.36
2.1
1.01
1.13
1.9
0.3
1.7
1.01
0.68
1.56
0.6
1.1
2.03
0.28
1.4
0.6
1.28
1.06
1.69
0.6
2.3
1.03
4.8
0.73
2.7
1.5
2.54
0.69
1.3
1.53
2.2
1.9
0.36
1.74
1.33
1.27
1.74
3.82
1.68
0.44
2.6
0.5
0.97
1.88
0.48
4.8
0.45
1.13
2.7
2.3
1.23
4.6
1.83
1.42
0.92
2.6
0.57
0.34
0.46
2
0.35
0.28
1.61
2.4
1.27
0.64
0.87
1.24
1.5
5.4
1.34
1.8
0.6
2
0.3
0.74
1.36
0.88
1.29
0.87
1.18
1.8
0.9
2.66
1.95
1.2
1.09
1.12
3.4
1.02
2.4
0.77
0.97
1.33
2.13
3
1.78
1.09
1.69
1.26
1.73
1.73
0.73
2.5
1.45
1
1.03
0.4
1.2
0.44
1.61
1.51
0.51
1.71
1.73
1.48
3.5
1.56
0.32
0.5
0.84
1.3
0.44
5.3
2.54
1.06
0.4
1.44
0.92
1.5
1.59
1.19
0.66
2.04
0.9
2.4
1.28
1.36
0.61
0.89
4.1
0.45
0.49
0.64
0.85
1.82
0.14
0.95
1.32
0.49
-0.62
0.08
0.5
0.48
1.39
1.58
0.57
2.9
1.5
0.5
3.7
1.02
0.85
0.14
0.62
0.57
4.2
1.61
0.5
1.09
0.91
2
0.81
1.1
2.3
0.8
0.41
1.2
1.7
1.47
1.74
0.32
0.85
0.94
0.9
0.55
1.17
4.8
1.61
1.17
1.35
0.4
3
0.64
1.4
1.37
0.59
1.64
0.3
0.87
-0.2
0.78
1.07
1.26
0.09
2.12
0.6
0.7
4.9
0.98
2.08
1.12
1.6
2.45
0.23
1.67
0.81
0.19
0.43
1.8
2.4
1.6
0.27
1.19
1.1
1.82
0.8
2.1
1.31
0.2
2.1
0.44
0.31
0.34
4.9
1.65
4.7
-0.09
0.07
-0.06
1.5
1.47
2.1
0.53
0.32
1.47
1.9
0.46
0.57
1.14
0.1
-0.05
1.7
1.7
1.3
1.41
0.31
0.69
1.02
0.71
0.23
1.27
3.1
1.78
0.74
4
0.83
1.12
1.79
-0.2
1.69
0.23
1.4
0.79
0.38
0.75
0.45
0.44
0.85
1.2
1.08
4.5
1.83
0.98
0.13
0.5
1.1
4.2
0.83
1.2
0.7
2.15
4.3
1.77
0.8
4.5
4.2
1.4
0.67
0.92
0.58
1.62
1.76
0.88
2.1
2.2
1.04
0.55
4.6
1.71
1.62
1.38
4.6
2.01
0.43
1.62
1.29
0.8
0.88
0.71
0.27
0.77
0.49
1.21
0.46
0.44
1.8
0.54
1.2
0.25
2.03
2.09
0.9
0.8
0.94
1.4
0.11
1.32
1.42
1.3
0.76
0.12
2.48
1.3
0.2
0.43
0.3
-0.1
2.58
1
1.1
0.3
1.4
0.4
1.47
1.2
-0.06
2.05
1.04
2.37
0.52
3.5
0.88
0.17
1.3
1.16
4.6
0.76
1.3
0.85
0.03
1.18
1.52
0.36
2.8
1
1.1
1.8
0.89
0.8
0.71
3.3
1.99
-0.04
4.5
2.95
1.4
1.78
-0.25
0.89
2.9
4.5
1.77
0
0.78
0.72
1.17
0.72
0.37
2.02
0.48
0.82
0.87
0.82
1.17
1.3
0.44
-0.3
1.8
3.44
0.5
1.9
0.9
0.3
0.53
3.3
2.9
-0.1
1.1
1.4
1.4
4.9
2.8
1.29
1.6
0.89
0.17
1.9
2.54
0.9
1.22
0.14
0.58
0.9
2.33
0.53
0.37
0.3
1.5
0.6
0.8
1.21
1.43
1.23
1.4
0.86
1.1
2.1
0.89
0.38
2.84
0.92
1.01
0.5
0.58
0.88
2.44
0.95
0.5
1.57
0.25
1.39
0.59
1.86
1.95
2.5
1.2
0.9
0.16
2.37
0.72
2.93
1.11
0.8
1.71
1.8
4.8
2.53
0.5
2.84
0.74
1
0.31
0.98
0.6
0.29
2.46
1.39
1.43
0.43
1.86
1.83
2.78
0.7
0.94
1.2
0.93
0.6
3.07
1.05
0.21
3.15
2.89
1.9
2.13
3.18
1.15
3.16
1.84
2.65
0.13
2.93
2.38
3.48
1.52
0.65
2.84
3.3
1.28
0.92
1.78
4
0.63
0.6
0.54
0.81
0.86
0.37
2.71
1.12
0.86
1.33
2.98
1.2
1.8
2.06
0.46
1.9
2.3
1.8
2.39
1.35
1.1
1.7
3.26
1.1
0.85
1.23
0.8
1.6
0.5
4.1
0.54
0.4
0.83
1.59
1.3
2.32
1.33
1.36
0.92
3.4
1.9
1.69
0.43
2.04
1.02
0.64
4.3
5
2.96
0.68
0.49
0.43
0.04
0.23
2.91
-0.1
0.38
2.38
1.05
2.28
4.3
2.42
1.1
0.8
0.88
2.86
3.43
2.3
0.77
1.56
0.25
0.63
0.76
0.23
3.5
0.36
0.52
0.87
2.14
2.6
3.31
0.92
0.85
1.14
1.21
1.07
1.89
-0.07
0.46
1.64
2.8
2.17
0.37
0.5
0.89
0.52
0.1
0.43
1.1
-0.2
-0.06
1.6
0.26
0.54
0.7
0.12
1.56
0.64
0.51
2.19
-0.1
0.2
1.7
1.62
2.83
1.37
3.43
2.26
0.85
0.74
0.4
0.2
1.74
0.72
0.78
0.45
2.4
1.16
0.94
2.3
1.86
0.35
1.76
1.99
2.2
0.5
0.8
1.91
1.3
0.26
1.83
1.79
0.45
0.2
1.1
1.6
0.07
1
2.3
2.9
1.07
1.2
0.5
0.44
3.25
1.09
1.41
1.6
1.1
1
2.16
2.3
0.09
0.6
0.54
1.07
3.03
1.1
1.15
3.44
0.48
1.13
3.05
0.29
0.22
0.63
3.17
1.4
3.22
2.9
3
0.6
1
4.18
2.2
0.32
1.6
0.1
0.95
1.5
0.49
4.9
0.51
0.04
1.8
1.13
5.1
0.74
2.85
0.35
0.31
1.83
1.62
3.25
0.7
3.4
0.63
3.4
0.7
0.75
0.86
-0.3
0.98
1.41
2.06
0.35
-0.1
0.27
2.5
4.6
0.38
0.12
1.51
0.53
2.69
0.43
0.28
0.93
0.12
0.17
2.07
0.37
0.75
0.93
1.59
0.83
0.59
0.71
1.37
1.66
0.77
0.76
1.39
0.18
0.2
4.8
1.25
0.58
2.05
0.5
2.34
0.48
1.1
0.7
0.75
0.69
0.8
1.5
0.49
1.35
0.84
1.04
0.92
0.37
0.22
0.17
1.5
0.38
0.5
0.4
0.9
0.64
1.13
0.72
0.26
4.1
0.6
0.9
1
0.04
2.21
2.8
0.85
2.18
1.57
0.9
4.4
1.23
1.1
1.2
0.59
0.55
0.71
1
0.05
1.61
0.8
0.69
2
2.7
0.95
0.4
1
0.71
0.82
0.87
0.63
0
1.49
1.53
1.23
0.9
0.47
2.1
0.3
1.04
1.1
0.6
0.89
0.8
4.5
1.14
0.1
1.49
0.76
0.58
1.5
0.51
1.35
1.3
0.3
6.4
2.59
0.23
1.55
0.5
2.23
1.63
1.18
1.51
1.7
0.58
0.9
0.89
2.01
1.37
2.57
1
1.99
2.5
1.01
1.55
5
-0.1
1.69
0.9
1.75
0.82
4.5
1.3
1.94
2.2
2
4.4
2
0.89
-0.1
2.52
1.3
0.65
0.3
3.16
1.6
0.28
1.19
1.89
1.5
2.8
1.55
1.74
5.5
1.5
2.1
1.8
4.7
2.1
2.4
2.31
1.15
1.06
0.74
1.22
0.94
3.4
1.17
0.65
2.08
1.6
1.62
0.13
1.89
0.56
0.12
0.53
0.75
5.4
0.96
0.88
1.4
4.9
0.05
2.33
1.43
0.7
0.71
1.62
0.76
1.2
1.9
0.25
0.6
1.66
1.09
4.6
2.54
0.92
0.9
0.8
1.4
0.7
0.12
1.13
1.32
1.79
4.3
1.85
1.29
1.3
1.29
0.8
-0.1
1.45
0
1.6
0.1
0.8
0.96
1.4
2.7
3.02
1.2
1.4
2.7
1.31
1.4
0.36
0.2
1.1
0.13
0.16
-0.2
2.32
0.26
2.56
0.4
0.23
1.1
0.88
-0.03
0.7
3.7
1.42
1.01
1.2
1.05
2.2
1.72
0.63
0.73
1.03
1.49
0.3
0.42
0.3
0.48
0.91
-0.1
1.1
4.6
1.96
1.01
1.89
2.2
0.91
1.24
0.3
0.47
1.6
0.43
0.2
0.23
0.56
1.56
1.23
4.2
2.9
0.55
1.82
3.65
0.48
1.8
1.28
0.06
-0.1
0.54
1.35
2.8
1.81
1.9
0.84
2.49
1.56
0.17
1.4
1.45
0.13
0.2
0.8
0.87
1.6
0.96
0.49
1.21
0.85
1.05
1.33
0.53
0.61
1.81
1.3
0.38
-0.3
0.39
-0.2
1.43
2.8
1.28
0.57
1.3
1.62
1.13
3
1.16
2.08
0.49
2.72
1.61
0.6
1.08
1.47
2.67
1.37
1.2
2.2
0.68
4.6
0.54
0.5
5.2
0.7
0.48
1.55
0.9
1.64
1.1
0.58
0.12
0.64
1.22
2
1.6
0.32
0.34
0.1
1.03
1.07
2.2
0.79
2.34
2.61
1.02
1.99
0.27
2.8
2.32
0.65
0.2
1.13
0.54
2.31
2.8
0.35
0.6
1.6
1.06
1.1
1.51
0.84
3.6
0.47
0.3
-0.2
2.2
0.66
0.15
0.88
0.66
1.2
1.9
0.35
1.3
1.2
0.37
0.51
1.58
1.11
1.44
0.77
0.85
1.74
0.11
0.67
0
1.14
1.2
0.56
0.91
0.68
0.64
2.3
0
1.4
1.3
4.9
0.88
1.45
1.28
0.75
0.99
1.55
0.3
1.3
1.4
0.34
0.14
0.91
1.41
4.1
2.14
0.92
4.8
0.8
1.77
2.42
0.77
0.36
0.49
4.1
0.55
1.08
0.73
1.28
0.47
0.52
0.58
0.75
2.1
1.13
1.02
0.87
1.04
1.6
1.1
1.4
0.68
1.36
0.39
0.8
0.6
0.52
1.63
4.7
0.02
0.92
1.2
2.8
0.82
1.18
1.3
1.19
0.4
1.71
0.98
1.65
2.66
3.1
1.58
1.12
1.68
2.87
0.08
0.87
1.9
0.9
1.12
1.5
0.8
1.02
0.34
4.8
-0.21
5
0.71
1.17
1.43
0.78
1
3.2
2.6
1.51
0.55
0.76
1
4.1
0.85
1.76
1.15
0.89
1.24
2.1
2.4
0.88
0.52
0.65
1
1.54
1.06
2.87
0.8
1.42
2.8
2.5
1.2
2.43
1.18
0.41
1.35
0.4
0.24
0.55
0.21
0.26
2.1
0.21
0.33
4.3
1.65
0.96
0.6
0.64
1.1
1.26
-0.08
1.58
-0.1
1.42
0.7
4.5
0.61
0.42
1.2
1.21
0.54
0.49
2.43
1.24
0.95
4.6
0.34
3.1
2
1.53
2.5
0.3
-0.2
1.17
0.19
2.15
2.3
0.3
2.17
0.21
1.4
0.02
0.9
0.56
1.19
1.44
1.96
0.97
1.8
1.1
0.53
1.02
1.94
0.71
1.59
0.65
0.74
0.93
-0.3
1.49
1.5
0.84
1.2
0.72
2.9
0.52
0.61
0.3
1.87
4.9
3.2
1.5
1.08
1.28
1.3
1.22
0.1
1.24
0.79
0.51
1.02
0.84
1.9
0.93
2.8
1.3
4.6
1.8
0.22
0.54
3.27
4.5
0.89
0.09
1.88
0.48
0.42
0.19
1.64
0.4
0.7
1.75
0.85
1.2
1.6
0.51
1.46
4.4
0.74
0.5
1.06
2.4
1.01
0.53
0.87
0.75
1.2
4.4
0.89
3.39
0.2
1.77
1.35
2.22
0.9
2.4
1.52
1.91
2.2
1.2
0.84
1.14
0.56
1.2
1.38
1.66
1.25
1.5
2.38
0.74
1.49
1.6
0.3
1.1
4.1
1.96
2.24
1.6
1.6
1.6
0.33
0.76
0.9
0.9
1.27
1.9
1.5
1.01
1.61
1.8
0.9
2.48
1.02
1.25
1.89
1.32
0.55
1.5
1.98
1.44
0.15
2.97
1.4
0.21
0.13
1.16
1.1
0.76
0.93
2.39
1.1
1.7
0.86
2.37
1.09
1.24
1.65
1.5
1.1
0
1.49
0.89
1.8
1.23
1.47
0.89
1.37
0.84
0.71
0.37
1.84
1.81
1.15
1.3
1.13
1.8
1.11
0.74
0.95
0.42
0.25
4.3
0.25
4.6
3
4.1
0.83
1.68
0.3
4.4
0.8
0.53
2.72
0.46
2.15
2.2
0.68
0.27
2.3
1.1
1.61
4.6
0.21
1
1.06
1.49
1.33
0.55
1.7
1.2
1.1
1.86
2.7
2.6
1.9
0.28
0.76
0.76
0.83
1.19
1.1
1.61
1.3
1.24
0.21
0.56
1.2
1.2
1.39
1.59
0.55
0.87
1.36
1.22
1.9
3.5
1.13
0.68
0.8
1.6
1.46
0.88
1.6
0.9
2.47
1.82
1.28
-0.01
0.44
1.4
2.6
0.56
0.98
2.41
1.5
0.15
1
2.09
1.27
0.91
1.29
0.5
1.8
0.71
2.6
0.97
1.41
2.28
0.85
1.46
1.32
0.48
1.68
0.68
0.5
1.86
1.02
2.62
1.64
0.8
0.5
0.99
0.1
2.3
4.2
2.65
1.79
0.68
4.9
1.7
1.31
2.05
2.37
1.83
1.62
2.4
0.5
1.14
0.91
0.06
0.92
1.1
0.69
0.55
0.1
0.11
2.7
2.87
4.6
1.86
0.27
4.1
0.1
0.09
0.79
0.72
1.4
1.13
0.97
0.31
0.7
1.72
1.48
0.38
0.87
0.35
2
0.51
0.53
1.5
0.9
0.91
0.57
0.43
0.9
1.3
0.75
2.9
2.8
1.39
0.44
0.87
1.6
1.05
1.45
0.87
0.1
0.84
0.8
0.8
1
0.76
0.7
0.9
1.63
1.9
1.5
0.85
0.3
1.9
1.8
0.7
0.86
2.8
1.22
0.63
1.23
1.75
1.4
1.73
1.66
4.6
1.97
2.12
4.1
2.5
0.69
1.27
0.41
1.17
1.22
1.4
4.6
1.64
1.8
0.31
1.52
0.7
1.18
1.07
1.13
3.51
4.4
0.54
2.94
2.69
2.65
0.53
1.33
1.49
1.17
0.9
0.9
1.76
0.17
0.61
0.69
1.17
1.15
3.6
1
0.49
4.2
1.82
4
3.3
1.01
0.54
0.84
1.29
1.2
0.31
0.9
2.3
4.4
1.4
1.26
2.6
0.92
4.2
1.34
0.55
2.07
1.34
1.28
0.95
4.1
2.2
1
0.27
1
1.9
1.4
2.2
1.79
1.2
1.94
0.75
0.83
1.1
1.06
1.45
1.1
0.81
0.7
1.19
2.54
0.5
1.8
5.1
0.88
0.9
1.43
0.72
0.3
0.65
1.53
1.93
1.22
1.11
1.17
1.2
1.26
4.2
1.6
0.53
2
-0.3
2.7
4.6
1.33
4.6
2.4
1.19
1.47
2.21
1
2.3
0.88
0.26
0.9
0.88
0.39
0.71
1.8
1.32
2.4
1.4
0.14
0.5
0.4
1.5
1.16
1.32
0.49
4.4
1.1
1.4
1.12
0.8
2.83
0.31
0.19
1.6
2.9
0.96
1.06
1.3
1.1
1.46
0.14
0.36
1.06
1.17
0.86
1.93
1.71
1.97
0.8
0.17
0.8
1.2
1.05
1.6
0.8
0.45
0.57
1.88
1.04
0.99
0.96
0.17
2.1
1.6
0.44
0.65
1.06
1.28
0.49
0.47
1.3
1.7
2.18
2.2
0.68
0.23
1.6
0.7
2.2
1.8
0.17
1.9
0.51
-0.3
1.36
1.31
0.93
0.6
1.6
1.55
0.26
1.28
0.7
0.7
0
0.89
2.49
1.28
0.4
0.87
0.3
0.58
2.52
0.9
1.1
0.5
1.89
4.3
0.89
0.77
2.42
0.44
1.9
0.83
1.23
4.4
0.49
4.4
1.92
0.11
1.01
0.87
0.96
0.46
1.4
0.23
1.97
4.2
0.97
2
1.39
1
0.89
1.2
0.46
0.92
0.4
1.74
0.48
5
2.6
4.5
0.5
1.4
4.9
1.44
2.47
0.63
1.2
2.9
2.6
0.91
0.73
1.01
1.5
1.34
0.63
0.48
1.2
1.66
1.02
1.18
0.56
1.25
0.63
0.9
0.97
1.15
1.16
4.07
1.4
0.73
2.04
0.91
0.98
1.21
1.5
1.73
1.53
2.13
1.5
0.97
0.4
1.11
0.62
1.66
1.02
1.26
0.9
1.2
2.5
1.91
4.2
0.6
0.84
0.03
1.8
1.26
0.49
0.99
0.62
2.95
1.06
4.3
0.99
0.12
0.51
1.8
0.27
1.35
1.56
1.4
0.91
1.3
0.92
0.77
0.67
1.32
0.54
1.11
0.5
2.1
2.6
2.04
1.2
2.69
1.17
2.22
0.6
-0.1
2.09
2.26
2.98
1.06
0.74
0.96
1.05
1.02
1.21
1.29
0.92
1.2
0.6
2.25
0.78
0.96
0.33
2.5
0.29
1.81
1.16
2.73
1.48
0.68
1.78
0.78
2
0.85
0.9
0.52
0.88
1.58
1.3
0.1
1.66
1.33
0.95
1.6
4.6
0.91
3.03
0.7
1.01
0.8
0.44
0.3
2.46
1.2
0.13
0.24
2.6
1.28
1.2
2.12
1.38
2.2
0.84
0
0.88
2.47
1.7
2.09
2.4
1.24
4.4
-0.2
0.99
0.48
0.73
3.2
1.5
1.86
2.17
0.26
0.44
2.38
0.97
1
2.3
0.57
0.61
2.56
0.94
2.54
1.47
2.14
1.6
2.3
2.28
2.22
2.04
1.98
1.5
3.47
2.95
2.13
1.95
2.6
0.57
1.13
2.59
2.05
1.25
2.9
1.98
-0.1
2.41
1.4
2.2
2.42
0.49
0.69
1.26
3.4
0.39
0.91
1.5
2.15
0.41
1.01
2.52
1.5
0.57
2.31
0.2
0.54
2.47
0.54
0.79
0.99
0.77
0.4
1.3
0.7
2.19
0.13
1
2.51
0.94
0.81
2.68
2.15
-0.48
0.62
1
0.68
1.84
1
1.5
0.67
0.49
0.57
1.89
0.44
0.44
0.17
1.02
1.07
1.78
1.27
1.18
0.62
1.86
1.5
1.19
1.16
2.3
0.38
0.93
2.1
0.91
2.6
2.7
1.2
4.6
0.12
1.07
0.16
1.68
0.85
0.86
0.89
0.1
0.92
0.8
0.9
4.4
1.63
1.5
1.25
4.4
0.5
3.1
1.52
4.8
1.08
0.49
4.6
0.88
1.8
2.22
4.6
0.83
0.79
0.65
0.45
2.3
4.3
4.1
0.88
5.3
1.37
0
0.8
1.13
4.6
2.9
1.15
0.25
4.5
-0.2
1.39
1.6
1.37
1.6
1.54
1.8
1.34
1.9
0.73
1.43
0.69
0.67
1.19
1.12
1.5
4.3
4.2
1.92
0.18
1.23
1.16
4.2
2
1.9
2.19
0.14
4
1.09
1.34
4.3
1.6
4.6
2.01
0.88
0.98
4.2
0.4
1.2
1.6
0.47
0.9
1.77
0.79
1.12
0.95
0.87
1.72
-0.05
0.94
1.2
1.32
-0.1
1.4
4.3
4.7
0.6
1.3
1.01
2.57
1
1.6
5.3
1.03
0.1
0.87
1.2
0.35
1.32
1.5
0.2
0.75
1.18
1.1
4.9
4.9
1.6
2.1
0.08
2.5
3.37
2.6
0.3
-0.3
0.2
0.35
1.08
1.19
1.47
0.57
0.6
1.81
4.3
0.76
0.47
0.42
1.64
0.48
0.25
0.22
1.18
1.09
0.7
0.17
0.9
3.2
0.7
1.08
0.55
1.01
1.1
0.92
0.43
1.1
1.75
0.86
1.71
1.02
1.61
1.4
0.11
1
0.26
1.12
1.6
1.57
0.77
1.35
0.69
1.69
1.8
1.03
0.68
0.1
2.38
1.58
0.21
0.82
0.47
0.65
1
1.1
1.7
0.86
1.61
0.4
1.45
1.96
0.88
2.2
0.96
1.5
0.68
1.97
0
2.15
0.98
0.32
-0.09
1.86
0.69
2.24
0.7
0.88
2.15
1.65
1.29
0.41
0.18
2.02
1.53
1.1
1.5
4.5
4.6
-0.02
2.41
1.51
0.5
-0.02
1.58
-0.01
0.65
1.1
1.85
4.5
4.6
3.27
2.4
0.59
0.3
0.59
2.18
0.73
1.2
1.54
0.89
0.75
0.6
1.7
-0.16
0.97
1.9
0.39
1.55
1.82
4.6
0.48
4.9
1.7
0.9
0.87
0.37
0.5
1.53
1.8
1.91
1.13
0.9
1.9
2.57
1.9
5.1
1.2
5.1
4.2
0.77
1.05
2.5
1.07
0.84
1.03
2.59
2.1
2.22
1.8
1.59
0.65
1.3
-0.2
-0.2
0.76
1.09
0.81
0.72
0.9
2.48
0.8
2.7
1.4
2.7
0.3
1.93
1.1
1.42
1.32
4.5
1.1
1.56
3.4
2.1
1
0.85
0.88
1.38
1.8
1.01
2.1
4.3
1.6
1.54
2.61
1.78
1.16
1.1
0.6
2.7
3.85
0.2
0.43
1.91
2.77
1.16
0.27
2.95
0.3
0.5
5.1
0.74
1.22
0.8
0.3
1.5
0.5
1.67
0.14
0.31
0.2
2.8
4.7
0.3
1.13
2.06
3.5
3.4
0.36
1.64
0.54
0.4
2.49
2
0.64
1.11
1.16
0.25
4.9
4.9
1.3
1
0.24
1
1.53
1.14
4.5
1.2
4.2
2
1.59
0.54
0.88
0.77
0.3
1.62
0.21
1.8
1.7
1.02
0.93
2.75
0.22
0.95
1.27
0
1.07
0.91
0.6
0.13
0.04
0.89
0.87
-0.2
1.22
-0.1
2.14
0.1
-0.1
2.38
1.55
0.83
0.57
0.66
1.37
1.9
1.23
1.9
0.1
1.28
0.3
0.14
0.07
1.7
4.8
1.1
1.5
0.8
0.97
1.7
0.48
0.48
0.38
1.1
0
2.14
0.78
1.09
0.7
0.66
1.62
1.34
1.8
-0.2
0.65
2.2
0.67
0.73
2.35
0.5
1.2
0.28
1.3
1.6
2
1.8
0.9
1.41
1.8
0.72
1.1
0.72
0.56
0.84
3.6
0.93
0.6
0.64
1.22
1.01
0.56
1.28
1.28
0.54
0.7
1.8
4
0.66
0.54
2.4
0.52
4.4
1.4
1.87
1.01
0.89
0.91
0.4
0.48
1.2
1.3
0.16
4.7
2.36
0.3
1.72
1.28
0.57
0.11
1.18
0.4
1.46
1.89
1.6
0.83
0.7
1.5
1.07
0.88
0.68
0.89
0.56
1.1
0.03
0.7
1.8
2.01
1.5
1.5
1.8
1.15
1.14
0.63
1.9
0.7
0.8
0.46
0.64
1.09
1.6
1.84
0.64
2.1
0.95
1.52
4.6
2.2
1.92
1.16
0.89
0.86
1.06
2.1
2.73
2.87
0.5
0.3
0.77
0.53
3
0.33
1.3
2
1.2
2.2
1.05
0.95
0.9
4.1
1.03
0.5
3.13
4
2.52
4.3
4.4
2.4
1.06
0.71
4.6
0.6
3.48
0.76
2
4.4
1
0.8
1.74
1.19
1.4
1.6
1.3
4.4
0.88
1
0.63
0.98
1.4
1.8
0.88
0.97
-0.1
0.39
2
4.5
0.9
0.24
1.59
0.6
0.6
1.2
0.5
1.77
0.6
0.8
-0.3
1.4
0.6
1.64
1.4
1.8
1.3
2.56
1.42
1.64
1.3
0.42
4.5
1.8
1.31
1.32
0.9
0.51
1
1.17
0.5
0.31
0.17
1.5
0.5
1.6
0.67
0.72
3.1
2.9
1.12
0.3
0
1.69
1.4
0.97
1.28
1.4
1.14
3.33
0.7
1.58
1.45
1.03
1.1
0.29
1.1
2.72
0.47
0.63
1.6
1.5
1.19
0.3
0.9
3.03
0.89
1
0.27
1.03
1.28
2.35
2
0.55
0.5
4.6
2.35
0.3
0.7
1
0.28
1.19
2.26
2.09
-0.3
0.2
0.99
1.6
1.2
0.89
-0.2
1.11
1.57
1.52
1.43
2.11
2.7
1.5
-0.1
0.7
0.98
4.2
1.3
3.07
1.91
1.2
1.89
0.4
0.99
0.43
1.38
1.61
0.53
0.74
1.38
0.27
1.62
4.7
0.55
1.43
2.03
0.82
0.55
1.28
-0.34
2.06
1.54
0.99
0.9
1.9
0.23
4.4
1.85
0.3
4.3
0.58
5.1
1.82
0.53
0.27
0.9
1.6
2.09
0.9
4.1
1.28
0.39
1.51
4.9
1.4
1.6
0.6
0.14
0.48
0.6
4.4
0.5
1.3
0.68
1.95
1.44
0.27
1.56
1.4
1.04
2.2
1.32
-0.3
1.78
0.71
1.47
0.6
0.7
0.8
2.42
0.5
0.1
0.5
0.8
0.5
0.48
4.6
4.7
0.26
0.52
1.31
1.5
1.3
1.69
1.07
6.4
1.83
1.32
1.6
0.68
0.8
0.6
1.1
2.33
-0.2
0.32
0.45
0.76
4.3
-0.3
0.89
2.1
0.71
1.4
1.93
1.71
1.1
0.63
2.72
0.58
1.3
2
1.1
1.7
1.4
1.12
0.75
0.28
0.4
0.09
2.7
0.76
1.46
0.51
0.76
1.31
1.01
1.9
5.5
1.7
0.5
0.76
1.5
-0.1
1.2
1.19
5.1
0.92
2.7
1.15
1.72
4.8
1.36
1.1
4.2
1.26
1.7
1.44
0.99
0.82
2.85
1.9
0.9
1.4
5.2
0.74
1.41
0.97
2.41
1.3
1.19
1.11
0.59
0.54
0.35
1.27
0.87
0.3
0.99
0.71
1.1
0.22
0.44
1.64
0.3
1.1
1.36
1.6
1.61
1.2
0.52
0.44
0.7
2.04
0.7
1.08
0.59
0.24
0.1
1.5
2.62
1.21
4.8
2.8
2.65
1.18
3.18
4.5
1.55
0.9
0.69
0.89
0.86
1.1
4.6
2.45
4.3
1.01
0.4
4.2
2.5
0.53
1.66
1.6
1
1.32
1.8
0.1
1.9
1.2
1.4
2
4.5
0.74
1.08
2.43
1.23
4.2
1.8
2.1
1.24
0.2
1.87
1.76
1.11
0.97
1.02
1.1
1.5
3.1
1.5
0.64
1.35
0.9
0.2
4.4
1.14
4.6
1.05
0.36
1.3
1.3
1.1
0.1
-0.1
0.76
4.7
1.3
0.73
0.78
0.13
1.66
1.7
1.5
1.2
1.06
2.84
0
2.81
0.71
0.58
1
0.3
1.4
1.04
1.57
1.53
3
3.2
1.22
1
1.11
2.19
2.34
1.1
0.6
1.7
0.88
0.98
1.07
1.8
0.82
0.25
1.2
0.59
1.67
1.12
4.2
2.5
0.55
2.4
1
0.9
2
2.82
0.5
1.02
1.09
1.22
0.92
1.01
1.21
0.89
3.13
0.8
0.61
4.8
1.09
1.26
2.2
0.82
0.22
1.48
2.7
2.32
1.2
5.1
0.5
0.58
1.88
2.6
4
-0.2
0.96
1.09
0.6
4.3
3.18
0.44
0.6
1.3
0.13
2
0.5
1.1
4.6
0.92
1.89
1.24
1.31
0.1
4.6
2.58
0.67
1.3
6.6
0.3
1.66
1.12
1.1
0.67
0.7
0.6
0.85
0.98
1.6
-0.2
1.05
0.24
1.54
3.04
2.5
1.16
1.54
0.5
4.8
2.3
1.9
1.15
1.33
4.4
0.65
1.98
1.6
0.88
1.9
3.58
0.6
-0.1
0.9
1
1.59
1.4
2.1
1.46
1.5
1.26
0.98
1.04
2.3
1
1.5
-0.1
1.6
1.12
0.76
1.24
0.8
2.51
2.08
2.26
1.02
1.6
0.33
3.07
2.29
1.03
0.8
1.26
1.2
0.56
1.8
1.9
0.16
0.97
0.72
0.44
0.97
1.64
1.3
1.75
0.7
1.8
-0.3
3.57
0.84
1.5
1.45
1.4
0.77
1.6
1.09
0.98
0.3
2.8
1.54
1.31
0.88
1.36
1.58
0.99
1.92
0.51
1.7
0.13
1.1
1.9
0.59
2.04
0.6
0.56
0.99
1.22
2.42
1.4
1.4
0.69
1.51
1.24
1.24
1.54
3.2
3.14
0.53
0.97
1.77
0.57
0.3
0.61
0.64
0.4
1.37
1.32
1.69
0.8
0.37
0.39
1.07
0
1.28
0.69
0.74
0.2
0.7
0.8
2.3
2.82
0.44
1.55
1.58
1.3
1.96
0.9
1.4
0.15
0.37
1.9
1.63
0.48
1.7
1.75
0.45
0.47
1.35
1.46
0.57
0.79
0.94
1.34
0.67
0.7
-0.1
2
2.1
0.4
0.36
0.57
5.2
1.6
2.7
2.32
1.7
0.75
0.45
2.28
1.8
1.77
1.78
0.9
0.77
4.6
4.3
0.89
2.3
1
0.53
4.4
4.2
0.23
0.2
2.02
1.6
1.47
1
0.17
1.15
1.19
0.89
1.27
0.96
0.59
0.28
0.39
0.86
0.2
2.46
0.61
0.9
0.5
3.4
0.89
3.35
1.5
0.61
2.53
1.39
0.3
-0.1
1.7
0.62
0.54
0.85
0.06
2.36
1.4
1.28
0.98
1.31
1.55
3.11
0.3
2.15
1.4
0.05
0.96
1.5
1.8
0.68
2.17
1.3
1.69
1.7
1.25
1.4
4.2
0.19
0.41
0.67
0.3
4.7
0.98
1.07
1.51
0.55
0.4
0.4
1.4
1.3
2.22
1.1
1
0.57
0.92
0.73
1.96
4.5
4.2
1.1
1.4
4.3
0.96
0.5
1.34
2
1.5
0.78
3.9
1.3
1.16
0.91
1.55
0.48
1.75
0.4
1.86
1.86
1.64
0
3.1
0.57
0.8
0.96
0.8
1.31
1.7
0.43
1.18
0.48
2.4
1.18
1.6
0.52
5.2
0.96
5.3
1.4
0.39
0.29
0.81
0.17
1.42
0.92
1.29
-0.2
1.55
2.17
1
2.28
0.91
0.68
1.04
0.6
0.54
2.38
1.6
0.67
0.51
-0.1
0.84
0.52
0.8
1.9
0.92
1.28
1.19
0.17
1.13
1.02
1.74
2.29
2.69
0.2
1.48
1.9
1.02
0.68
4.8
1.39
4.6
1.09
-0.5
-0.11
-0.09
1.17
4.5
3.07
1.83
4.3
0.17
2.16
1.36
0.98
2.06
1.1
0.83
3.57
1
0.5
1.09
2.2
4.6
2.5
1.26
5.7
0.23
0.82
1.9
0.93
1.8
1.45
0.26
1.9
0.37
1.63
2.4
0.3
0.4
0.42
1.4
4.4
0.27
0.99
1.22
1.75
1.08
0.35
1.5
0.9
1.11
1.81
0.8
3.13
1.04
0.93
1.61
0.44
0.18
1.1
1.97
1.61
0.58
1
0.66
-0.2
1.11
1.5
2.36
1.06
0.45
0.78
1.37
1.5
1.28
0.4
-0.3
0.88
2.04
0.95
-0.2
1.43
1.97
1.13
0.32
0.94
2.6
-0.2
1.78
-0.3
1.05
0.45
0.72
2.27
-0.3
1.3
1.13
1.89
1.3
2.8
-0.1
1.14
0.51
1.25
3.39
0.59
1.3
0.87
0.7
1.31
0.73
1.04
1.12
4.9
0.38
0.75
1.08
1.4
1.13
2.12
0.1
0.71
0.67
1.8
0.91
0.58
0.87
2
0.3
0.91
1.23
1.8
1.31
1.5
1.03
1.6
2.9
0.17
0.27
0.9
0.88
1.41
1.87
1.1
0.14
2.9
1.19
1.29
2.21
0.69
1.48
0.5
0.9
0.3
0.69
0.54
1.23
0.92
5.4
1.8
0.41
0.6
0.14
0.79
-0.2
1.4
1.61
0.99
1.11
1.86
0.75
4.3
4.8
0.2
4.5
5.2
0.61
4.2
2.01
0.73
2.3
0.31
0.58
0.73
2.3
0
1.36
1.71
-0.1
0.73
1.86
1.04
0.3
1.42
0.67
3
0.12
0.28
0.3
0.4
0.1
0.56
1.46
0.7
0.47
0.71
1.58
0.4
4.1
0.9
1.63
1.01
0.26
1
1.2
1.51
1.27
4.7
4
2.13
0.43
0.88
0.3
1.4
1.1
-0.1
1.63
2.06
2.1
1.6
1.74
0.58
0.93
0.36
2.31
1.47
1.92
2.32
1.44
1.5
1.2
1.6
1.46
0.45
1.23
0.84
2.5
1.35
4.9
1.6
0.06
2.56
1.26
1.3
0.68
1.24
1.2
5.1
1.65
1.31
1.13
1.62
2.63
2.01
2.13
0.82
3.39
1.4
0.1
-0.44
0.33
1.8
0.4
-0.2
0.1
0.72
2.1
1.2
2.34
1.43
3.1
0.97
1.2
2.07
1
3.1
1.5
0.43
1.74
4.4
4.2
0.76
4.2
1.84
0.7
1.36
0.63
4.4
1.06
0.93
2.52
1.1
0.95
1.81
0.64
0.61
4.6
1.31
0.66
2.03
0.4
1.25
4.7
0.1
1.67
1.7
1.43
0.64
2.86
2.18
2.59
0.56
0.76
2.16
1.96
1.7
1.8
0.97
1.3
1.3
0.2
1.87
2.51
0.9
0.85
0.78
1.2
0.6
0.99
1.2
1.7
2.5
-0.99
1.15
0.6
1.31
2.3
1
0.56
1.1
1.5
2.39
1.07
0.09
0.34
0.83
0.73
1.05
0.03
0.46
1.23
1.25
0.26
2.3
1.47
0.6
1.14
1.91
1.9
1.17
1.9
1.64
1.14
0.15
2.5
1.58
0.97
0.69
1.96
0.61
0.26
0.3
0.79
4.3
1.46
1.7
0.3
1.95
0.51
1.77
1.17
4.6
1.3
4.6
0.44
0.22
0.22
1.9
0.29
3.02
1.1
1.3
0.68
2.2
0.38
5.2
1.04
1.3
0.48
1.3
1.42
0.55
2.57
2.54
0.2
0.87
1.81
0.12
1.05
2.43
5
1.2
0.67
1.4
1.36
1.39
1.44
0.79
0.61
0.7
0.76
0.6
2.06
0.6
0.5
0.77
1.22
0.6
-0.07
1.6
0.3
0.6
0.7
0.66
0.71
1.8
2.04
0.72
0.88
0.7
0.14
1.32
1.6
1.39
2.09
0
1.8
2.4
0.74
5
0.9
2.58
0.76
3.02
1.11
3.8
1.22
0.86
1.9
3
0.95
1.82
1.02
1.02
1.13
0.99
1.65
0.9
1.7
5.5
0.84
1.16
1.29
3.05
1.2
1.1
0.73
0.1
1.39
1.1
1.4
1.09
0.63
0.9
1.37
1.09
1.18
0.7
0.8
0.4
1.68
1.82
4.41
1.5
1.5
1.61
2
1.5
1.07
0.8
2.12
1.6
1.9
1.85
1.6
1.2
0.7
0.52
1.2
0.3
0.14
1.1
2.57
1.5
1.7
1.5
1.24
1
1.4
0.9
1.3
2.99
1.35
0.97
0.84
0.54
1.59
1.83
0.88
1.2
0.28
2.32
-0.18
2.9
1.75
1.7
1.13
1.15
0.78
0.46
1.3
0.89
0.87
0.56
1.21
0.55
1.8
0.1
1.3
0.99
1.4
0.51
0.66
4.8
0.13
0.56
1.14
0.26
0.58
0.6
0.26
0.8
4.4
0.65
1.21
4.8
1.4
1.2
1.96
0.66
1.1
1.5
2.2
1.87
0.92
2.2
0.6
1
0.43
0.53
4.9
0.28
4.7
0.89
1.8
1.91
1.7
1.9
0.5
0.51
2.1
1.5
0.89
4.2
0.43
2.09
1.5
1.68
1.65
0.98
0.56
0.02
0.88
1.7
2.7
0.93
1.04
2.69
2.03
0.7
0.6
1
0.71
0.34
2.67
0.63
0.52
0.59
0.74
1.4
0.61
1.24
0.94
0.61
0.8
1.33
0.81
0.52
4.4
2.2
0.84
1
1.6
1.45
1.17
1.3
3.3
0.23
1.1
1.3
1.15
1.4
4.5
2.32
1.28
4.4
2.7
4.3
0.46
1.8
2.5
0.4
4.1
2.14
3.21
2.05
0
1.81
0.83
2.1
0.9
0.61
0.86
0.5
2
2.3
0.99
0.84
1.75
1.7
1.12
2.01
0.18
1.29
0.96
1.24
0.96
0.27
1
0.09
0.37
0.78
4.8
0.8
0.97
0.37
0.76
1.57
1.7
1.9
0.67
2.7
3.39
0.9
1.17
0.44
0.33
1.6
1.8
1.36
1.72
0.2
0.47
1.44
1.75
3.05
4.6
0.98
3.45
1.4
2.94
1.17
2.6
2.12
0.8
0.69
0.78
1.1
0.23
0.94
1.48
2.1
1.24
2.7
0.2
1.43
1.58
4.9
0.6
0.9
1.6
3.14
1.23
1.2
2.6
1.7
1.36
2.88
0.8
1.98
4.2
0.98
1.18
2.1
1.27
1.2
0.59
0.86
1.34
1.93
1.03
0.97
1.49
1.2
0.91
0.94
0.75
0.18
4.7
2.58
0.56
0.85
1.6
0.21
1.4
1.19
0.55
2.15
1.67
0.92
1.3
0.98
2.38
1.34
1.81
1
-0.02
0.8
1.2
2.6
5.5
1.4
0.07
0.89
1.64
2.1
1.2
1.9
1.6
1.9
1.4
2.5
1.05
0.7
0.61
4.1
0.9
0.39
1.69
1.02
1.51
0.3
0.4
4.6
1.31
1.1
0.72
0.97
1.4
3.6
2
0.85
4.2
0.43
4.9
0.95
1.6
0.61
0.64
2.11
4.7
0.83
2.9
0.89
1.01
1.61
0.39
1.6
0.79
1.82
0.72
0.9
2.88
0.4
1.75
0.97
3
2.8
0.97
1.14
4.6
0.84
4.6
1.2
0.44
1.16
5.1
4.9
0.3
1.11
5
0.77
1.83
1.17
0.99
0.72
2.9
2.8
2.6
3
4.6
0.9
0.82
0.71
1.33
2.3
4.1
2.3
2.3
1.9
1.7
1.8
2.4
1.2
1.76
0.94
2.3
1.16
2.18
0.68
1
1.47
0.6
2.3
0.4
1.05
0
1.03
1.7
1.4
0.73
0.69
2.5
1.7
0.49
0.77
1.32
1.2
1.8
1.42
0.26
1.4
1.5
1.2
3
0.4
3.02
1.1
2.39
2.3
1
1.27
1.7
2.8
1.14
0.9
1.5
0.85
0.35
1.11
0.67
0.8
1.3
2.22
0.39
1.8
2.45
1.6
4.4
5.8
0.42
0.96
1.4
2.6
1.8
0.45
0.45
4.6
0.74
1.06
4.3
4
3.9
1.8
1.57
3.03
2.81
2.03
0.76
2.7
0.7
1.8
2
4.5
1.15
1.38
1.79
0.69
2.7
2.1
4.4
1.5
0.94
0.27
2.57
1.4
4.7
1.56
2.2
4.3
1.29
2.2
4.3
1.25
1.23
0.53
0.72
0.7
-0.02
0.9
0.79
1.11
4.3
0.51
0.28
0.6
1.15
1.38
1.46
1.28
2.1
0.85
1.06
1.84
4.4
0.57
0.85
0.38
0.62
5.1
1.09
4.3
0.07
4.4
1.98
0.2
1.25
0.8
1.2
1.1
1.12
2
1.02
0.96
4.9
1.28
0.38
0.9
0.37
1.98
0.37
0.94
1.84
0.39
0.22
1.5
1.3
1.95
0.9
1
0.9
0.75
1
-0.08
0.01
0.89
2.1
1.13
1.62
0.8
3.18
4.5
1.42
0.9
0.58
0.66
1.59
0.88
2.13
0.18
0.31
0.58
4.1
1.8
0.8
0.58
1.06
0.36
0.53
2
1.5
0.38
0.8
0.82
2.2
2
2.59
2.49
1.88
1.06
2.56
0.7
0.48
0.14
1.82
0.58
2.1
1.49
0.5
2.01
5.1
1.01
1.24
1.82
1.5
3.37
1.19
0.08
0.87
2.3
1.12
1.1
0.96
1.35
3.4
0.1
0.88
4.8
0.47
0.86
0.92
1.25
0.44
0.79
1.8
1.1
0.76
1.9
1.69
2.01
5
2.4
1.99
1.67
2.56
0.98
0.46
0.89
2.6
1.44
0.38
1.6
1.9
6.4
0.73
1.32
2
2.2
1.77
3.24
4.5
0.86
1.06
0.52
0.45
2.07
2.46
2
0.6
4.9
1.1
0.98
0.63
2.2
1.11
1.7
4.5
0.82
1.5
1.73
1.3
1.3
1.18
1.9
1.5
0.1
0.1
0.88
2.7
0.9
3
0.5
1.9
0.56
0.56
1.32
1.8
0.4
-0.1
0.3
4
0.2
1.57
1.8
2.1
0.4
0
2.17
1.28
0.6
1.61
0.7
1.23
0.8
2.3
4
1.3
1.52
0.42
4.3
2.4
2.51
0.88
2.6
1.15
1.2
0.94
5
0.59
0.4
0.4
0.83
1.2
1.69
4.1
0.57
1.6
1.29
0.3
0.59
0.6
1.2
1.2
2.07
4.7
1.3
4.4
0.4
1
1.04
0.5
1.2
1.4
1.2
0.5
0.08
2
0.52
1.21
2.9
1.3
0.73
3
5.3
0.34
5.2
2.89
0.93
0.51
0.28
0.38
2.12
4.8
2.4
1
0.9
0
1.6
0.65
0.81
-0.25
0.89
1.93
0.9
1.68
5
1
1.5
1.3
1.4
3.02
1.8
0.7
0.99
1.5
1.14
2.84
1.79
2.2
0.74
1.1
0.43
0.89
3.5
1.2
4.3
0.65
5.2
2.5
0.4
1.1
0.46
-0.3
2.7
0.88
1.23
1.66
2.2
0.44
1.9
0.6
1.9
1.6
0.76
1.47
2.5
4.7
0.62
0.88
1.36
1
0.82
0.93
1.84
0.17
0.2
0.82
1.4
5.1
1.5
1.4
1.6
2.7
1.2
1.34
0.05
2
0.72
0.88
1.2
0.92
2.74
0.5
5.8
2.7
0.1
4.7
1.1
-0.06
2.1
4.5
0.84
0.99
0.55
0.91
0.85
1.61
1.85
0.15
0.5
1.03
1.27
4.2
0.58
1.13
2.7
1.5
1.2
3
0.6
0.45
0.61
0.53
1.4
1
-0.35
0.79
0.75
0.5
0.62
0.72
-0.45
0.8
0.9
0.89
1
1.31
1.1
1.6
0.1
1.5
0.4
2.76
1.4
1.7
1.9
0.63
0.6
0.62
1.6
1.18
1.8
1.14
2.68
5.3
1.56
1.35
1.8
0.11
0.4
1.55
0.91
2.1
0.56
0.61
4.2
1.28
0.11
0.61
0.82
1
1.2
0.65
2.1
1.25
0.44
1.8
0.38
1.66
4.3
4.6
0.51
3
3.48
3.39
4.4
2.1
1.3
1.43
0.8
0.48
1.5
0.76
1.2
0.68
0.54
1.8
0.9
0.2
1.4
1.71
0.7
5
1.6
0.42
1.61
1.25
0.54
1.9
0.1
1.5
4.1
1.37
1.2
4.3
0.67
0.5
1.6
1.5
0.95
0.69
1
0.87
4.2
0.23
2.5
0.64
0.2
0.41
1.68
4
1.7
1.23
1.3
1.92
0.81
1.2
0.2
0.77
4.4
0.7
2.1
1.02
0.83
1.63
1.3
0.4
1.4
0.52
1.89
1.74
1.12
0.95
1.3
0.39
0.85
0.7
1.69
1.77
0.35
1.45
0.5
0.73
0.08
0.64
1.4
1.4
2
0.6
0.3
1.61
3.48
0.15
0.73
0.81
1.4
2.53
3.95
1.5
4.7
0.3
2.26
4.8
0.73
1.08
1.4
1.3
1.51
2.02
2.29
0.3
1.75
1.78
0.2
0.78
1.9
1.1
0.74
0.8
1.1
1.3
0.4
4.5
0.25
1
0.79
1.9
1
0.51
2.52
0.8
0.85
-0.2
2.4
1.4
0.5
0.09
1.9
0.59
0.86
2.59
0.77
1.1
1.33
1.2
0.68
0.63
0.29
1.3
0.83
5
2.4
0.52
0.56
0.89
0.46
1.33
1.65
0.76
0.39
1.91
1.8
1.4
1.9
1.5
0.95
1.25
1.67
1.11
2.04
1.6
0.55
1.7
0.92
1.67
1.83
1.4
1.3
1
0.62
2.1
0.74
2.21
1.3
1.47
0.87
1.3
1.9
0.71
1.9
1.8
0.4
5.6
0.8
1.08
3
1.6
0.68
0.8
1.72
1.18
1.78
1.41
0.3
0.74
1.1
2.4
1.1
0.4
1.24
0.53
1.1
0.63
1.6
1.4
1.49
1
2.07
2.37
2.75
1.97
0.88
0.78
2.1
0.86
0.82
1.6
0.45
1.4
0.55
4.7
1.96
4.6
0.9
0.4
1.19
1.1
0.3
0.29
1.4
1.2
1.6
1.1
0.1
0.61
1.06
1.85
2.02
2.2
1.79
1.79
2.44
1.1
0.14
2.1
0.81
1.4
0.39
-0.35
0.9
0.6
1.48
1.33
0.5
1.65
1.23
0.9
0.71
1.47
2.1
1.1
1.9
1.54
0.56
1.5
1.15
-0.1
0.33
1.3
0.18
1.5
0.61
1.12
0.9
1.8
2.15
0.5
1.59
1.75
2.24
0.4
0.36
1.8
1.93
1.7
1.9
1.2
0.5
0.57
0.8
1.41
1.12
2.1
1.12
0.6
1.92
1.46
0.9
1.14
5.1
0.6
0.19
1.1
1.24
0.8
-0.1
0.45
4.1
0.83
0.4
2.1
1.1
0.8
1.63
0.76
0.69
1.2
0.96
0.7
1.9
0.5
1.19
0.49
1.69
1.33
0.94
3.66
0.63
1.17
1.6
1.5
0.5
1.23
-0.45
2.06
1.45
1.5
0.41
3.4
0.9
0.67
0.1
2.2
-0.07
-0.11
1.84
0.36
4.3
0.21
0.34
0.26
0.9
1.11
0.61
0.78
1.3
0.75
1.16
1.36
0.56
0.75
1.1
1.6
0.6
0.6
0.14
1.5
1
1.16
1.1
0.88
0.8
0.7
1.2
0.2
0.5
1.28
0.62
0.8
1.1
2.3
0.83
1.31
0.2
0.2
1.1
0.96
0.38
3.3
0.6
2.23
1.48
0.52
1.15
-0.1
0.35
0.73
0.86
1.8
0.59
1.11
1.6
4.2
0.3
2.26
2.2
0.42
1.1
2.2
1.23
2.5
1.51
1.6
1.9
0.22
2
0.88
2.3
0.52
2.18
1.5
0.5
0.45
1.18
0.4
0.1
1.7
4.4
1.38
0.5
1.5
0.18
2
2.34
0
0.2
1.88
2.04
1.12
1.72
0.6
0.8
-0.12
1.15
2.7
4.9
1.2
4.1
0.37
1.7
0.43
1.69
0.18
1.74
0.5
6.2
1.4
0.47
1.59
0
0.88
0.66
2.4
1.92
1.19
0.6
0.57
0.83
4
0.97
0.72
0.4
1.18
5
1.16
0.9
1.22
0.42
1.17
0.54
1.6
2.3
1.13
2.48
0.6
1.65
0.13
1.19
2.2
0.14
0.74
0.74
4.6
0.92
1.7
2.29
0.27
0.87
0.39
0.3
0.56
1
2.1
0.7
1.27
1.3
0
2.68
1.7
0.83
2
0.71
1.3
0.5
1.94
4.5
0.91
0.81
1.05
1.3
1
0.8
0.72
0.69
0.56
1.5
1.01
1.3
4.3
0.4
0.08
0.8
0.83
1.4
4.4
0.23
0.78
0.65
2.2
0.54
2.46
3.42
1.8
1.92
1.73
0.85
0.4
1.1
0.6
0.81
1.17
1.37
0.7
1.01
0.11
1.45
1.44
0.71
2
0.26
2.39
2.95
0.44
2.36
1.3
0.57
0.94
0.69
0.58
0.47
1.72
0.35
0.67
2.01
1.19
1.77
2.02
0.79
1.4
1.37
1.9
1.28
2.1
1.6
4
3.1
0.38
1.3
2.94
1.01
1.41
1.29
0.79
2.2
3.3
0.96
2.5
1.37
4.7
1.01
0.5
0.82
1.5
0.2
1.11
2
2.3
2.4
0.27
1.5
0.82
4.4
1.42
1.1
1.79
1.89
1.14
2.2
0.71
0.43
0.1
1.5
0.23
0.5
2.38
1.83
0.7
1.83
2.67
1.52
2
2
0.1
0.63
1.02
1.69
0.46
0.15
2
0.2
0.68
1.4
0.62
0.49
0.41
2.4
0.3
0.9
0.26
4.64
0.74
1.8
1.7
0.53
1.6
1.89
1.57
1.5
2.1
0.57
0.12
0.38
0.6
1.49
0.6
0.6
1.92
2.49
1.59
2.4
2.73
1.04
2.3
1.1
1.44
1.8
1.1
1.37
1.4
0.56
3.23
0.8
0.37
1.15
0.38
1.87
1.85
1.67
2.86
0.81
2.01
0.5
1.39
2.38
0.23
0.97
1.85
0.96
0.9
1.29
0.7
0.09
0.91
1.8
0.36
2.1
4.2
1.34
1.34
0.6
1.7
0.5
2.2
1.46
-0.19
-0.21
4.6
1.9
1.1
1.2
1.6
1.3
2.3
1.41
0.13
0.79
1
-0.07
0.75
0.33
1.35
1.5
0.2
1.52
1.29
1.1
1.1
0.44
0.82
2.99
1.31
1.15
2.2
1.02
1.62
1.57
0.89
0.69
1.9
3
0.78
0.24
2
0.95
0.8
3.9
1.6
1.6
4.1
4.1
2.9
4.3
1.53
-0.35
0
0.73
0.1
-0.1
0.5
4.5
0.9
0.61
1.2
1.2
0.63
1.17
0.98
1.39
0.46
2.1
1.1
1.5
0.33
0.2
1.49
2.42
0.08
1.57
0.24
1.02
1.25
1.17
0.2
1.94
0.9
0.78
0.1
1.23
1.3
1.5
1.53
0.27
0.72
0.47
1.11
1.6
1.32
0.1
1.38
0.55
2.6
1.4
1.17
1.5
0.72
2.4
0.3
0.92
0.7
0.74
0.13
0.06
0.21
1.87
0.89
4.3
5.3
1.88
0.5
-0.13
3.6
0.74
0.7
0.87
1.26
0.9
1.1
-0.2
1.1
0.8
1.37
1.8
1.43
4.2
0.84
1.3
1.9
1.7
1.3
0.28
0.88
0.99
1.17
1.02
1.3
0.48
0.34
2.95
0.3
1.3
0.1
0.96
0.47
3.9
2.86
1.6
0.03
0.33
0.77
0
0.59
1.6
1.2
0.8
2.13
0.53
0.5
5.1
2.26
0.74
4.6
0.7
1.6
1.8
1.3
1.68
0.83
0.9
0.9
0.7
1.62
0.88
5.2
1.8
1.89
1.5
2.02
1.38
0.62
1.27
0.01
1.7
4.4
1.41
0.24
0.4
1.1
-0.1
1.2
0.8
0.35
0.56
1.41
1.74
2.24
0.18
0.43
1.03
0.26
1.3
1.86
1.6
0.5
0.14
0.14
0.55
0.14
2
0.8
1.7
1.3
0.66
1.87
0.7
0.44
2.4
1.5
1.16
4.4
1.47
2.5
1.02
0.75
2.3
0.91
1.79
1.5
0.7
2.6
0.9
0.89
1.66
1.1
1.63
3.18
0.88
0.45
0.57
1.02
1.6
1.06
0.41
1.9
0.8
0
1.3
0.79
0.85
0.51
0.6
0.73
0.9
0.6
1.11
0.7
1.5
0.19
1.7
0.8
0.7
1.84
2.3
0.8
1.31
1.8
0.08
0.39
0.44
0.77
0.46
1.07
2.13
1.4
5
2.6
1.5
5.1
2.8
1.62
4.2
0.46
0.28
0.2
2
0.9
0.33
4.2
1.15
0.67
0.37
2.7
1.8
0.63
4.3
3.32
0.56
1.07
0.86
1.68
0.57
1.05
-0.1
0.62
1.6
1.6
2.19
1.61
0.68
2.1
1.5
2.1
0.53
0.97
4.1
0.65
0.75
1.8
1.05
2
1.47
1.1
1.14
1.4
0.5
2
1.8
1.27
0.4
2.2
0.67
2.1
2.86
2.3
4.2
0.47
3.8
0.5
1.13
1.68
0.88
1.12
1.8
1.66
0.31
1.9
5
0.39
1.9
0.43
0.74
2.28
3.7
1.45
4.6
3.42
1.5
0.9
1.7
2.12
1.09
3.49
2.6
1.22
1.45
1
1.6
1.49
0.21
1.9
0.7
0.61
1.4
1.8
1.85
1.01
0.74
-0.1
0.8
0.78
3.1
2.43
2.09
0.66
1.8
1.22
4.7
0.8
1.9
1.22
1.28
0.73
1.33
2.3
1.3
1.12
1.36
1.1
1.14
1.07
0.81
0.92
0.55
1.1
1.52
4.4
1.4
1.8
0.78
0.7
1.45
0.32
0.91
1.12
0.26
1.69
2.24
0.89
0.59
0.9
1.41
0.53
0.8
1.8
4.2
1.5
1.75
1.1
1.4
2.13
3
0.58
0.41
0.66
0.74
2.26
0.8
2
4.4
1.9
1.52
2
2.1
1.27
1.4
0.3
1.8
0.41
1.6
1.07
1.8
4.4
1
1.8
1.75
1.9
1.33
1.19
0.4
2.3
0.03
4.4
2.22
0.69
0.33
1.7
1.2
0.84
0.72
1.27
1.22
2
2.53
1.2
0.4
0.75
0.72
4.7
0.6
1.58
0.46
0.85
1.8
4.8
2.3
0.83
1.9
1.21
1.9
0.9
2.18
1.8
1.94
1.34
0.73
1.6
2.6
1.8
0.37
0.45
0.52
4
4.8
0.16
0.4
1.4
1.2
0.7
0.75
0.21
1.4
1.2
-0.2
1.6
1.34
0.15
2.72
0.9
2.1
1.6
1.7
1.5
0.44
1.3
1.93
0.77
0.15
1.27
1.12
0.88
1.7
0.35
0.36
1.8
1.37
0.77
0.8
1.58
0.5
1.4
4.1
0.12
1.46
1.7
2.14
1.6
1.95
0.9
0.26
0.5
1.47
0.08
1.71
0.01
4.6
0.22
1.43
4.2
1.9
1.39
1.53
1.1
0.26
1.9
2.19
1.07
0.5
1.62
1.31
2.09
1.9
0.03
1.24
1.23
0.63
0.88
-0.3
0.24
1.7
0.23
4.1
1.8
0.47
0.18
1.8
0.4
-0.1
2.4
0.61
1.16
2.8
1.63
2
1.9
0.55
2.4
2.1
0.9
1.1
0.35
0.7
4.7
1.5
0.86
0.1
1.7
2.01
0.16
1.8
0.4
2.35
2.27
1.05
2.5
3.2
0.38
1.13
1.6
5
0.94
1.8
0.79
1.4
0.84
0.59
1.2
2.2
2.1
0.82
2.5
0.7
3.3
2.3
1.91
1.3
2.08
0.74
2
1.58
3.3
1.01
0.55
1.32
5.3
2
5.3
1.69
0.66
0.16
0.6
1.4
0.53
1.9
4.7
2.14
0.92
0.92
2.39
0.15
1.7
1.8
0.1
1.6
0.24
3.9
1.5
0.59
2.5
0.94
1.39
0.63
1.85
1.31
0.1
0
1.5
0.87
2.1
1.8
2.3
0.6
1.9
1.2
0.78
2.3
1.6
2.2
0.62
2.3
1.1
0.85
4.8
0.45
0.5
0.7
1.6
1
4
0.94
0.95
4.5
1.27
2.77
0.5
0.7
0.49
4.4
0.3
1.3
4.2
1.8
0.13
0.44
1.22
1.88
2.05
3.1
4.4
1.23
1.1
0.5
4.8
0.89
4.5
1.08
2.1
4.4
1.22
1.3
1
0.82
5.3
2.9
1.6
3.21
1.5
5.2
2.8
1.43
0.77
6.3
4.2
0.45
0.01
1.17
2.1
1.2
0.59
2.5
0.55
1.13
1.3
0.26
3
4.2
1.6
1.9
0.11
1
4.4
1.6
2.1
1.09
2.03
0.6
0.92
0.7
1.38
0.53
1.7
0.01
0.85
1.24
2
1.45
5.1
1.53
1.53
1.88
4.1
1.79
2.1
0.99
0.09
1.32
0.55
2
4
1.3
2.6
2.3
0.66
1.35
0.26
5.1
1.63
0.8
0.95
0.82
1.07
0.28
2.6
1.43
1.62
1.42
1.15
0.88
1.31
1.43
2.2
1.66
2.77
1.7
1.91
1.74
1.52
2.2
1.06
0.8
1.49
1.41
1.3
0.46
0.85
0.6
0.6
0.9
0.74
0.36
0.71
0.43
0.9
0.7
2
1.39
1.58
0.44
0.5
1.06
0.28
2.22
0.7
0.2
0.95
2.84
1.94
1.8
2.6
0.94
0.49
1.27
1.54
1.75
1.39
4.4
0.86
4.7
1.11
-0.3
1.8
1.1
0.63
1.7
0.47
1.8
-0.1
2.1
1.03
0.54
0.15
1.21
1.08
1.2
4.5
2.1
1.5
1.2
2.39
1.1
0.7
1.18
1.7
0.23
1.32
0.51
2.4
0
0.9
0.43
1
1.4
0.53
1.15
0.6
0.47
1.8
0.51
2.08
2.45
1.03
1.46
0.42
1.36
0.22
1.18
1.2
2.9
1
6.5
0.45
4.4
1.43
0.4
1
0.6
2.58
0.96
-0.1
0.36
0.78
1.26
0.63
2.2
2.21
1.9
0.28
-0.02
0.6
1.6
2.1
0.83
1.12
-0.04
1.6
0.47
0.91
0.69
1.1
0.9
0.94
0.88
0.77
1.99
4.5
0.5
3.04
0.85
1.84
0.6
1.8
1.42
1.56
1.43
1.4
1.22
1.8
0.03
0.48
-0.3
0.6
0.3
0.2
1.57
1.49
1.7
1.7
2.63
2.06
0.33
2.1
1.3
0.99
0.4
0.43
1.2
4.5
0.4
3
1.51
1.91
1.1
4.2
1.66
0.29
0.4
0.6
0.86
4.3
0.71
0.93
0.75
1.9
5.3
1.1
0.62
0.86
1.29
0.86
0.6
0.52
1.89
0.39
1.56
0.3
1.46
3
0.7
1.53
1.1
1.2
1.1
0.68
0.05
0.7
0.84
0.91
0.2
2.1
0.9
1.15
1.4
0.81
4.9
1.2
0.27
1
1
0.74
0.7
0.11
0.58
1.22
0.8
0.65
0.4
1.3
1.8
0.3
2.03
0.89
4.8
0.59
0.99
1.2
0.46
3
2.08
1.6
0.8
0.8
1.06
0.64
1.17
1
0.83
0.55
0.3
1.5
0.17
0.88
1.2
0.55
0.5
0.39
1.2
0.2
2.1
1.27
2.5
2.25
1.52
1.61
-0.3
1.19
2.01
0.8
0.78
0.67
1.7
1.5
0.9
0.29
2.2
2.4
-0.1
0.04
2.13
0.89
0.3
1.2
1.08
2.6
0.98
0.62
0.25
1.9
0.5
2.5
1.4
0.5
0.5
0.73
1.06
1.5
1.03
0.44
1.3
1.27
0.6
1.77
1.53
0.6
1.8
1.5
2.29
0.96
1.7
0.69
1.1
4.4
1.26
0.66
1.41
1.9
0.7
0.77
4.7
1.5
0.74
1.59
0.73
1.8
1.7
0.8
1.67
0.62
4.2
1.47
1.28
3.4
1.9
2.08
1.5
-0.3
1.8
0.92
1.3
0.7
1.1
1.95
1.4
2.37
1.9
0.3
0.7
0.3
0.62
0.88
0.12
1.2
0.9
0.6
2.8
1.8
0.6
1.07
1.28
1.6
1.84
1.5
0.53
1.5
0.4
1.4
4.1
0.61
2.05
1.6
1.6
2.1
0.9
2.06
1.66
0.5
0.83
0.76
0.95
1.3
1.2
0.49
2
1.1
1.63
1.9
1.15
1.3
0.81
1.42
1.11
1.34
0.9
0.8
1.78
1
1.91
1.3
1.32
0.49
0.48
1.75
1.14
0.23
1
-0.23
0.85
1.4
-0.2
1.3
4.6
1.36
1.21
0.72
0.27
2.15
0.6
0.48
1.4
0.68
1.67
1.63
0.17
1.5
1.7
1.2
4.3
1.49
1.93
1.2
1.6
4.9
1.32
1.05
3.32
1.41
1.7
1.53
0
2.6
0.81
0.92
0.85
0.35
2.22
0.4
0.5
0.68
1.01
2.05
2.64
1.13
1.97
1.3
2.15
2.13
3.1
0.56
4.2
1.4
1.3
0.11
1.58
2.1
0.5
0.78
5.1
1.4
1.48
1.22
4.4
1.6
0.85
2.2
4.2
0.9
1.4
2.18
1.2
0.63
2.57
0.31
0.31
1.2
4.4
0.2
1.5
5.7
1.3
0.74
4.5
1.3
1.8
2.5
0.8
5.5
1.3
0.32
1
3.3
1
0.32
2.36
1.3
1.26
1.44
0.32
2
-0.08
1.69
1.49
1.11
4
0.7
0.69
3
0.83
4.5
5
2.33
0.6
1
0.43
0.6
1.2
0.4
1.32
0.83
1.07
2
1.7
2.14
4.7
1.52
1.27
1.04
1.2
0.5
1.13
1.12
1.03
1.02
0.2
1.64
1.3
0.1
1.9
1.49
0.48
1.76
1.64
1.92
1.71
2.04
1.2
0.4
1.83
1.16
1.76
1.31
0.76
1.2
1.7
2.44
1.5
1.1
-0.3
3.12
1.5
0.2
2.07
1.51
1.34
1.31
1.46
1.93
1.5
1.5
0.45
0.97
1.69
0.88
2.96
2.95
1.18
1.42
1.29
0.87
0.3
2.95
0.96
1.3
1.1
1.7
2.69
1.4
0.6
1.47
0.9
1.34
1.23
1.22
0.5
0.29
0.69
0.57
2.1
0.9
0.4
0.84
1.5
0.1
-0.1
1.62
0.91
1.4
0.51
0.87
0.8
1.5
0.46
0.84
2.39
1.05
1.62
1.4
1
3.23
0.01
0.61
0.71
5.8
1
0.5
4.7
0.5
2.2
0.89
0.9
1.86
0.6
2.49
1.18
0.6
1.3
1.19
4.6
0.9
1.8
1.69
1.8
2.06
0.89
1.4
0.28
2.3
0.25
1.8
0.4
0.62
0.92
0.48
1.2
1.33
1
0.52
1.29
1.2
0.8
0.4
0.13
0.75
1.6
0.18
0.34
0.33
1.2
0.76
1.4
1.99
1.7
1.28
1.2
0.9
1.23
1.3
0.59
4.3
0.22
0.32
0.99
1.5
0.19
1.1
1.59
0.18
0.84
1.37
2.6
1.38
1.66
2.55
2.07
0.58
0.56
0.59
2
3.33
0.86
2.02
3.52
1.16
1.2
-0.01
1.37
0.79
1.9
0.49
4.3
0.68
1.3
1.03
0.93
0.32
1.4
2
2.12
0.34
0.83
1.75
1.04
1.02
1.53
1.6
4.3
1.05
0.18
-0.3
1.7
0.64
1.4
4.5
0.65
1.55
1.53
1.5
1.7
1.17
0.89
1.83
0.5
0.83
2.9
1.82
0.48
0.4
1.4
1.4
0.08
1.7
1.82
2.37
2.93
0.5
0.49
1.4
2.53
1.03
0.75
0.9
1.2
1.02
0.36
0.52
1.22
0.91
1.6
2.13
1.21
1.68
0.69
0.7
2.24
0.53
2
1.03
1.06
0.56
1.5
0.56
0.6
0.32
0.19
0.5
0.4
1.3
4.7
5.1
1.64
2.16
0.47
1.83
1.2
5.6
1.15
1.1
2.6
2.32
1.5
0.58
0.65
2.1
1.6
2
0.2
0.25
0.52
1.5
1.6
1.7
0.79
4.3
0.64
0.8
1.71
1.22
0.95
0.27
2
0.45
1.62
1.4
1.1
0.7
2.77
0.57
1.38
1.09
1.3
2.1
1.8
4.6
1.7
1
0.49
1.4
1.1
2.3
0.1
0.03
0.17
1.44
4.1
1.5
-0.1
1
1.4
4.5
1.3
0.48
0.6
0.83
1.73
0.88
0.15
2.06
1.82
4
2.8
0.4
1.1
4.5
0.32
-0.2
0.44
0.55
1.32
2.2
0.9
0.78
1.4
0.4
1.1
0.98
4.3
0.09
0.7
1.2
1.36
4.1
4.5
2.1
0.4
1.41
0.48
0.18
0.48
1.57
1.51
1.2
1.1
1.1
0.6
0.26
0.52
1.1
1
-0.5
1.1
0.75
0.52
1.2
1.2
2.2
0.7
0.2
2.4
0.1
1.2
0.83
2
-0.08
2.3
0.81
0.73
1.19
0.6
2.23
1.5
2.46
1.6
2
0.3
0.8
0.56
4.4
0.87
0.8
0.53
1.3
1.2
0.48
0.79
1.7
2.8
2.5
0.52
0.41
0.98
2.3
1.6
0.8
0.5
0.3
1.4
1.7
1.06
1.38
0.8
0.88
1.25
4.1
0.5
1.38
1.4
0.97
0.37
1.68
0.4
4.1
0.24
0.2
0.32
0.24
0.69
0.1
1.9
0.8
0.7
1.9
0.03
1.96
0.86
0.69
0.6
0.7
1.7
0.1
0.9
0.46
0.3
0.35
0.35
0.59
0.9
2.1
1.4
0.96
0.7
0.33
1.82
0.94
0.6
0.46
2.5
0.55
1.3
1.5
1.7
0.5
1.19
1.3
0.8
0.04
0.3
1.28
0.8
1.21
0.99
1.41
1.7
1.16
2.6
0.47
0.14
1.2
0.65
0.8
1.1
2.1
1.41
0.3
0.39
1.37
0.63
1.67
0.32
0.66
1
0.2
1.6
1.28
0.38
0.25
0.99
2.2
0.24
1.1
0.7
1.23
0.27
2.7
0.28
0.01
1.52
0.83
4.9
0.51
1.2
0.58
1.59
0.18
1.54
1.36
0.76
2.8
1.6
0.7
4.8
1.61
2.9
0.33
1.17
0.63
-0.23
0.27
1.29
1.29
0.69
0.43
1.3
0.07
2
0.56
2
0.64
0.87
0.31
1.36
1.33
1.3
1.4
1.1
0.5
0.76
1.84
1.45
0.87
1.3
0.75
1.73
2.9
2.35
0.98
2.7
0.99
0.9
0.9
0.62
1.8
0
0.78
0.5
1.7
2.7
1.1
0.9
0.88
0.75
1.34
1.49
0.7
0.9
0.81
1.24
1.4
1.36
0.86
0.7
1.3
0.35
0.3
1.2
0.25
1.88
0.42
1.46
1.07
0.71
0.56
0.16
5.8
1.46
1.2
0.8
1.58
2.13
0.5
0.67
0.55
1.5
4.5
0.75
1.24
-0.24
0.11
0.83
0.47
1.3
1.07
1.1
0.67
0.99
0.43
1.2
2.07
1.13
0.99
1.1
1.66
0.3
0.88
1.04
1.04
2.2
0.92
0.7
0.42
1.76
1.02
0.58
1.04
0.78
0.6
4.6
1.2
3.1
1.1
0.45
0.95
-0.33
2.6
0.92
1.6
4.2
0.45
1.07
0.04
1.18
0.69
0.13
0.18
0.8
1.89
0.87
1.2
1.69
2.16
1.6
4.3
1.12
1.83
2.99
2.4
0.4
0.9
1.4
0.87
0
1.3
1.7
4.6
0.8
0.9
2.01
0.37
0.53
1.13
0.2
0.53
1.28
1.48
1.52
1.5
0.37
1.1
1
1.43
2.2
0.19
1.35
1.7
1.4
1.08
1.13
0.08
1.19
0.18
2.21
1.23
4.5
1.4
2.4
0.3
2.3
3.4
1.51
2.8
0.81
0.34
0.8
0.4
-0.14
-0.3
1.24
1.01
0.79
0.53
-0.2
2.1
0.62
0.6
1.57
1.71
1.15
1.19
2
1.63
0.8
1.74
0.96
-0.53
0.4
0.67
1.6
0.69
0.51
4.3
0.53
0.22
0.45
1.6
1.04
1.3
1.9
0.6
1.25
1.7
0.84
0.9
4.4
0.9
0.84
1.51
1.3
1.54
0.6
3
1.3
0.06
0.54
0.4
0.5
0.98
1.37
0.19
0.91
0.92
0.87
2.78
1.8
1.98
1.8
0.51
0.73
0.78
1.3
1.02
0.37
2.69
0.86
4.1
1.42
1
1.38
1.34
2.2
0.5
0.56
2.34
0.83
0.7
3.03
0.7
1.9
1.65
2.3
1
4.6
2.69
1
0.27
0.31
1.79
1.44
1.11
0.65
1.33
2.1
0.25
1.17
1.39
1.27
1
0.38
1.24
2.16
0.6
0.81
1.2
3.41
0.88
1.32
0.95
1.39
2
2.57
1.22
1.9
1.97
3.3
0.67
2.29
2.59
0.12
1.4
2.51
0.97
2.3
0.37
0.42
1.44
0.9
0.28
0.65
0.9
0.5
0.64
1.74
1.11
0.16
1.13
0.54
2.26
1.18
1.39
0.29
0.18
0.1
0.92
0.07
0.81
0.17
1.11
-0.2
0.14
0.44
1.07
1.52
1.44
1.35
1.57
1.93
0.9
2.78
2.42
1.08
1.61
1.78
1.96
2.92
1.1
0.76
1
1.13
2.21
0.9
-0.36
0.7
2.5
2.18
2
0.96
0.1
0.87
0.29
0.28
1.17
0.4
3.3
0.23
0.32
0.62
0.5
1.1
2.7
0.3
1.01
1.16
0.47
0.61
0.9
1.44
0.68
0.22
0.72
1.81
0.6
-0.14
0.06
-0.22
0.64
0.42
0.29
0.35
0.25
0.89
-0.1
1.35
1.94
0.94
0.96
2.5
0.63
0.8
1.55
0.6
1.8
0.37
3.1
0.33
0.18
0.3
3.1
1.7
0.1
1.06
0.31
1.75
1.7
1.8
1.19
0.14
0.66
0.32
1.86
0.55
2.2
1.26
1
0.9
2.44
0.91
0.7
0.41
0.34
2.43
2.61
0.98
0.42
0.56
0.76
0.44
1.91
0.6
1.2
0.29
1.31
0.6
2.44
0.67
1.8
1.15
1.66
1.8
3.26
0.74
1.9
1.36
4.5
1.59
0.9
0.6
1.61
0.94
0.5
2.28
1.21
1.8
0.6
1.3
0.7
0.56
0.33
0.8
0.18
1
2.42
0.5
1.47
2.3
4.6
0.92
3.65
0.59
1.8
2.33
-0.06
0.57
0.5
3.5
0.42
0.02
1.5
0.73
0.18
0.2
1
0.34
1.72
0.12
0.16
0.75
1.09
1.2
0.69
0.69
0.47
1.28
0.13
1.4
4.4
1.7
-0.1
0.27
1.79
4.3
0.55
4.2
0.69
1.9
0.74
1.8
1.6
5.1
0.7
1.96
1.9
1.3
2.3
1.82
1.6
1.39
0.67
3.08
2.02
1.18
1.52
0.8
0.63
1.1
2.03
1.4
0.94
1.68
2.8
0.57
2.5
1.55
4.1
0.33
0.32
1.75
0.71
0.37
0.9
-0.3
0.56
0.4
0.42
0.53
0.32
0.46
2.9
1.18
1.9
2.7
0.2
1.83
0.19
0.86
1.51
2.9
0
1.92
1.11
1.17
2.7
2.1
0.69
1.4
1.4
1.69
0.56
0.6
4
1.12
1.34
3
0.39
1.45
0.12
0.88
1.1
1.1
4.4
1.6
0.64
0
0.5
1.52
0.48
0.27
1
0.8
0.28
0.9
1.35
2
3.3
1.2
0.8
0.67
4.2
3
2.6
0.55
1.12
0.8
1.8
0.52
1.1
0.8
1.09
0.77
0.45
0.98
0.59
1.38
0.71
4.8
1.3
1.55
0.26
1.3
1.79
0.57
1.4
0.36
0.93
0.51
2.72
1.9
1.3
1.3
0.41
1.15
1.3
5.8
0.59
0.91
0.6
1.7
0.9
2.6
0.86
1.62
1
5
1.48
2.3
0.59
1.61
1.56
1.5
2.3
0.9
0.47
0.51
0.88
1.33
1.08
0.47
0.5
0.55
1.62
1.29
1
0.97
4.3
1.9
0.8
4.1
1.6
4.3
0.58
2.2
0.82
3.2
2.14
0.35
1.47
0.68
1.6
1.2
2.11
1.02
0.59
0.9
3.57
1.36
0.84
1.43
0.73
2.5
0.27
0.46
1.98
0.63
0.68
0.32
1.81
2.18
0.8
2.5
1.71
0.43
1.13
2
1.04
1.5
0
0.79
1.04
2.4
0.32
1.17
0.67
0.51
0.9
0.78
4.7
0.66
0.78
1.84
0.33
0.63
0.83
0.42
0.92
0.93
0.5
1
0.56
0.8
2.2
0.25
1.2
1.7
0.77
1.8
1.5
1.1
1.37
1.42
0.28
5.1
0.7
0.6
1.25
-0.1
1.37
2.41
0.7
1.02
2.8
2.2
3.1
1.26
0.62
1.16
1.23
4.5
2.5
0.73
-0.1
1.3
1.71
1.9
1.1
0.1
1.05
0.85
2.3
4.5
1.3
1.45
2.1
0.6
0.3
0.46
-0.1
0.49
1.8
0.5
0.32
0.43
1.69
2.7
2.12
0.9
0.79
1.5
0.98
0.63
3.8
0.71
0.45
1.34
0.2
0.3
1.1
1.1
2.81
2.29
4.1
1.27
1.43
0.04
0.31
2.5
1.15
0.6
1.24
0.35
1.54
2.7
0.52
0.5
0.54
1.7
0.6
1.4
0.6
1.4
0.88
0.36
0.91
1.4
0.8
1.7
1.01
0.97
1.4
0.7
1.33
0.52
1.25
0.23
0.56
1.95
1.03
0.87
0.58
0.8
0.62
0.33
5.1
0.46
0.2
0.54
2.3
-0.1
0.54
1.9
1.08
1.81
0.75
1.04
1.8
0.4
0.9
0.12
0.79
2.2
0.5
0.76
2.17
0.91
0.77
0.18
0.94
1.42
1.22
4.7
0.3
0.32
0.62
1.64
0.09
1.6
1.07
1
0.6
1.96
0.76
0.88
0.9
2.1
0.63
0.2
-0.17
0.46
2.7
0.43
0.87
1.8
0.56
1.62
0.59
1
0.49
1.1
0.9
0.1
2.4
0.9
2.1
0.27
0.85
4.1
0.71
0.97
0.9
1
1
0.6
2.2
1.16
0.47
2.4
0.5
0.2
0.54
1.65
2.7
2.9
3
0.76
1.6
1.3
2.4
1.3
0.56
0.89
0.17
4.2
1.15
-0.25
1.9
3.2
0.64
0.59
1.41
0.89
0.4
0.34
1.8
1.8
0.64
1.6
1.1
2.9
0.24
3.01
1.8
0.02
0.2
0.7
1.49
0.77
0.21
1.23
1.28
1.42
1.71
0.3
1.8
1.05
1.6
0.68
2.28
1.6
1.18
0.36
0.8
1.01
1.2
1.4
0.41
0.49
2.58
0.95
0.52
0.4
1.8
0.84
0.36
0.48
0.06
1.97
0.46
0.86
1.9
1.76
1.4
2.11
0.6
3.3
0.46
1.15
0.52
0.38
1.13
1.6
0.8
0.76
1.3
1.15
0.21
2.17
0.35
0.4
0.39
1
0.3
0.95
0.36
1.27
4.3
1.3
0.95
4
1.77
2.7
1.4
-0.2
0.8
0.39
0.27
1
0.1
2.2
-0.2
0.9
0.5
0.83
1.77
1.14
0.99
0.1
-0.3
1.12
0.79
0.28
4.3
5.4
1.51
0.97
0.73
4.8
0.49
0.7
0.3
0.47
1.02
2.1
0.82
0.92
1.26
0.64
1.9
0.74
1.7
1.6
0.53
4.1
2.6
0.95
0.58
0.47
0.84
3
1.9
0.56
3.56
0.72
0.5
2.13
2.01
1.6
1.9
1.5
1.42
2.29
1.23
0.81
0.15
2.35
2.3
0.56
0.7
1
0.52
2.03
0.26
0.6
0.49
1.6
0.54
1.04
2.3
1.33
0.26
0.44
3.9
0.42
0.58
1.24
1.21
2.75
0.83
2.01
-0.3
1.81
1.75
0.8
1.3
0.03
1.28
1.07
0.91
0.92
1.5
2.5
0.11
0.47
0.94
1.8
0.78
1.1
0.15
1.54
2.39
2.5
0.2
1
1.3
0.78
1.6
1.4
1.13
0.98
2.99
-0.21
-0.39
0.7
0.9
0.47
0.75
2.02
0.33
0
5.1
1.59
3.5
0.17
0.28
0.19
0.89
0.58
1.6
0.96
4.2
0.37
0.61
0.86
0.88
0.52
2.3
0.36
0.39
2.2
0.14
0.83
3.5
1.7
1.61
2.1
0.74
3
2.7
1.28
1.55
0.01
0.1
1.2
0.27
0.69
2
0.47
2.14
3.44
1.02
1.8
1.78
4.5
0.9
0.52
1.1
0.51
0.47
0.34
0.79
2.3
2.2
0.92
4.2
0.59
1.28
0.36
1.8
0.7
0.55
1.62
0.29
1.17
1.16
0.4
0.56
1.1
1.5
0.39
0.17
0.34
0.19
0.14
0.09
0.42
0.4
1.8
0.94
1.9
0.28
0.42
2.6
0.59
0.26
1.26
0.08
1.34
0.49
0.33
2.4
1.75
1.45
0.26
0.7
0.71
0.87
1.85
1.56
2.9
1.29
1.02
1.27
0.46
0.8
2.3
1.77
0.98
1.18
1.74
1.62
2.2
0.2
2.12
1.6
0.85
2.9
1.3
4.9
1.61
0.75
1.4
2
1.4
1.9
1.82
0.38
1.7
0.96
5.4
1.4
0.57
0.41
1.05
1.6
0.13
1.6
1.3
1.2
4.6
2.6
0.61
0.19
0.72
0.9
0.47
0.7
2.4
0.63
1.22
-0.06
0.31
4.3
0.2
0.97
0.64
0.67
1.1
1.35
1.8
0.32
4.4
1.2
0.28
1.1
0
0.18
2.3
0.7
0.52
3.5
0.7
3.4
2.27
1.01
0.5
1.55
0.19
0.23
0.78
1.71
0.67
2.22
0.7
0.83
1.12
1.06
1.15
1.61
1.54
0.7
0.64
1.49
-0.26
1.1
1.06
1.05
0.37
0.84
1.78
1.02
0.96
0.83
1
0.32
1.19
4.8
1.02
2.7
0.56
2.2
0.6
0.7
1.13
2.02
0.81
3.6
0.56
0.57
0.1
2.43
1.7
1.71
1.54
0.11
4.5
0.58
0.05
3.2
1.57
1.96
0.3
3.2
1.25
1.46
1.38
-0.2
1.4
0.41
0.37
1.3
-0.01
1
1.04
0.63
2.7
0.85
1.6
1.34
0.66
0.58
0.6
1.42
0.83
1.56
0.28
0.95
1.3
1.37
1.9
2.3
2.58
1.1
0.72
1.6
0.03
0.54
1.2
2.64
0.19
2.2
2.55
0.19
0.19
0.8
4.2
1.68
2.1
0.3
0.83
1.4
2.2
2.29
2.3
1.1
1.2
0.76
1.1
2.6
2.7
1.6
-0.1
0.94
0.63
1.3
0.86
0
0.97
0
2.3
0
0.89
0.62
1.15
0.46
1.25
0.7
1.7
0.37
0.8
0.69
0.86
2.12
0.37
1.12
1.18
0.5
0.59
1.7
1.2
0.98
1.23
1.66
1.13
4.5
2.09
0.67
0.81
1.64
0.61
2.84
0.73
0.46
4.7
1.1
1.06
0.6
1.4
0.59
0.85
1.46
0.71
0.31
2
0.59
1.1
2.6
0.99
1.2
0.76
0.63
1.41
1.14
0.89
2.26
1
0.9
0.29
1
0.92
0.9
0.33
2.14
1.2
0.9
0.74
1
0.76
1.3
0.7
1.7
0.54
1.15
1.43
0.73
1.6
1.3
3
0.77
1
0.5
0.83
2.1
0.71
0.53
1.67
0.71
0.54
1.9
4.4
0.47
4
2.19
4
0.8
4.7
0.87
1.43
1.12
1.4
0.57
0.18
1.98
1.69
1.19
3.3
1.26
1.24
1.9
2.57
1.92
0.6
1.6
2.09
1.9
0.95
4.7
5.3
0.9
0.79
0.6
1.9
0.9
0.57
1.9
1.8
1.2
-0.17
0.4
0.93
2.4
1.29
1.04
5.3
2.05
1.38
0.86
1.45
1.2
0.92
0.83
4.9
2.3
1.55
0.7
0.2
3
2.8
1.16
1
1.14
1.1
1.58
1.28
1.18
0.4
0.24
5
0.86
0.89
1.68
1.5
2.11
1.66
1.19
0.5
0.75
0.46
1.29
4.7
0.82
1.18
1
1.24
1.8
0.9
0.63
0.5
0.7
4.2
1.1
0.85
0.7
1.43
1.26
0.94
4.2
0.64
1.6
0.75
0.4
1.3
4.2
1.6
0.26
0.08
5.2
1.16
1.2
1.24
0.73
0.61
1.52
-0.23
1.33
-0.56
2.04
2.5
3
0.46
1.9
0.7
1.31
1.02
2.5
0.8
1.6
0.71
2.95
0.3
0.9
4.5
1.72
1.9
2.13
0.65
0.8
0.27
0.23
4.7
0.24
0.4
0.8
0.91
1.06
2.5
1.23
1.08
1.5
1.1
0.42
0.4
1.5
1.12
0.37
2.2
0.56
0.65
0.49
1.2
1.21
0.84
0.44
0.29
0.3
0.4
4.3
0.6
0.54
0.09
1
0.48
0.36
1.4
4.5
1.7
1.56
1.6
0.51
2.9
0.83
0.55
4.7
0.15
1.4
1.7
1.21
1.63
0.23
0.89
0.9
1.7
0.74
1.2
0.69
0.46
2.15
0.72
1.31
0.6
1.8
0.63
0.81
0.91
1
1.6
0.29
0.88
0.81
2.7
0.8
0.39
0.56
0.72
0.85
0.2
1.7
1.72
0.4
0.65
1.4
0.3
0.1
-0.1
0.47
0.64
1.5
0.5
2.01
2.36
0.29
0.4
0.31
3
1.25
0.52
0.77
1.2
0.6
1
0.8
0.88
0.58
0.6
1.01
1.85
4.1
0.02
0.24
0.27
1
0.41
0.41
0.88
0.6
1
-0.1
0.36
1.8
1.2
0.74
0.09
0.8
2.2
0.61
2.09
0.5
1.6
1.28
2.23
0.22
0.35
0.21
0.6
1.36
0.53
0.42
3
2
0.54
0.9
0.8
1.24
2.1
0.8
2.7
1.9
5.5
0.01
0.29
1.06
1.06
0.52
0.1
1.2
0.56
0.9
2.32
1.4
1.71
0.46
0.88
1.4
1.4
0.09
0.6
2.15
1.7
0.46
0.39
1.28
2.5
0.26
1.4
0.65
1.8
0.49
0.22
0.71
0.7
1.3
0.63
1
1.54
1.1
3.5
1.61
1.1
0.9
1
1.09
2.64
0.48
1.08
2.6
1
0.76
1.23
1.42
2.1
1.6
1.6
2.9
1.22
3.12
0.79
0.7
1.02
0.58
1.2
2.26
3.27
0.57
1.29
0.9
1.1
0.72
1.7
1.4
1.98
1.06
0.85
0.6
2.1
2.8
0.1
0.43
2.32
1.7
0.7
1
3
1.7
2.3
4.7
1.16
1.5
0.1
-0.21
1.3
1.19
0.6
1.2
1.5
1.48
4.6
2.2
1.5
0.6
2.42
0.1
1.76
1.7
0.3
0.94
0.61
2.46
0.61
0.1
0.58
2.1
0.9
1.12
1.84
0.97
1.32
0.67
0.46
0.63
0.8
0.31
0.37
2.7
0.49
1.3
1.64
4.3
5.3
1.71
4.4
2.2
1.1
1.9
1.3
1.1
0.81
1.6
1.5
0.8
0.45
0.88
1.34
1.18
1.23
1.1
1.3
0.41
-0.12
1.46
0.83
0.5
2.3
0.86
0.68
0.63
4.5
0.38
1.12
0.3
4.3
1.21
4.8
1.8
1.05
1.24
0.3
0.64
0.89
1.62
0.5
0.7
-0.1
1.1
2.28
1.9
1.25
1.6
1.87
0.71
0.97
0.87
0.88
1.2
1.21
1.3
1.34
1.15
1.2
2.06
0.96
1.85
1.69
-0.18
0.61
2.01
0.76
0.7
1.19
0.8
0.88
2.1
1.04
3.1
0.13
3.1
0.56
0.56
1
0.2
1.7
0.71
1.9
1
0.11
0.9
1.89
0.25
4.4
1.2
4.2
0.7
0.4
1.31
1.44
1
0.88
4.3
0.25
4.4
0.5
1.47
4.5
2.1
1.82
4.1
1.4
0.44
1.4
1.53
1.3
1.1
0.55
1.58
5.1
5
0.55
1.75
4.4
0.38
2.6
1.02
4.2
0.2
4.3
0.12
0.5
2.29
1.5
0.97
0.63
2
1.2
4.2
4.4
0.7
1.25
2.1
1.03
1.2
0.37
1.3
2.8
2.2
0.91
0.12
1.1
0.4
0.97
1.5
4.5
1.3
0.8
2.2
2.2
0.64
1.1
0.52
2.3
0.75
4.3
0.8
2.4
1.2
0.4
0.3
2.13
0.94
4.2
1.7
1.18
1.4
0.88
1.11
3.12
0.44
4.5
0.7
0.34
2.35
2
2.2
0.6
1.48
0.56
1.42
1.2
0.2
1.1
1.2
1.8
1.35
1.97
0.39
1.8
0.55
1.9
2.9
1.4
1.81
3.02
4.1
1.26
0.86
1.48
1.91
1
1.3
1.21
3.64
0.39
0.64
0.59
2.1
1.15
1.49
0.9
0.46
4.3
0.1
0.41
0.8
0.69
1.7
1.77
0.17
0.59
0.13
2.14
5.1
1.99
2.8
4
2.35
1.25
0.8
1.38
1.07
0
1.2
1.29
0.2
0.63
5.1
2.1
0.76
3.16
0.55
-0.22
0.63
0.49
1
0.6
0.33
1.22
1.27
4
1.05
0.17
1.16
1.33
0.8
0.44
0.89
1.6
0.88
1.3
2.02
0.95
0.44
0.57
1.2
0.56
0.34
1.07
0.6
-0.28
0.16
3.1
4.2
0.32
-0.2
0.42
0.47
0.6
0
0.2
0.59
1
-0.1
0.96
0.25
0.25
0.7
2.3
2
0.2
1.6
0.58
3.4
0.2
1.4
0.9
1.4
1.5
5.6
0.63
0.62
1.43
1.31
0.13
0.64
2.2
0.55
-0.2
0.94
1.45
0.54
0.43
1.6
2.5
0.87
0.37
3.3
3.4
5.2
0.38
0.38
0.81
0.41
0.05
2.4
1.3
0.36
0.5
1.3
2.1
1.49
2
5.1
2.19
0.52
0.6
2
1.81
3.4
0.9
2.3
0.83
1
1.85
2.01
0.74
0.48
1.4
0.46
2
0.53
0.29
1.15
1.7
3.5
1.51
1
0.9
0.25
1.6
1.3
1.21
-0.1
1.5
0.59
0.33
2.45
0.41
1.3
0.57
0.21
1.21
1.81
0.22
0.5
-0.09
0.87
1
2.17
1
1.4
0.94
0.29
0.3
1.3
2.5
2.1
0.41
2.7
0
1.65
1.11
0.44
3.2
1.9
0.71
0.78
4.7
2.5
1.78
0.78
1.05
0.55
2.56
1.9
1.75
0.9
1.1
1.24
0.4
1.9
2.3
1.81
3.9
2.1
1.78
1.82
4.5
2.1
2.2
0.65
4.6
0.9
1.5
0.04
-0.3
1.33
0.24
2.49
0.85
0.9
2
4.2
5.2
5.3
2
1.98
1.1
1.4
1.22
1.3
0.81
3.9
2.19
0.3
0.99
1.2
1.5
1.8
1.29
1.3
0.99
0.6
1.3
1.16
-0.2
1.3
0.62
1.3
0.23
0.4
0.92
1.26
1.4
0.3
0.31
0.78
